1390.33   424.508   241.807   -0.298227   0   -0.954495   0.0523104   0.998497   -0.0163441   0.95306   -0.0548043   -0.297779   
1386.54   388.047   233.715   -0.284864   0   -0.958568   0.0463297   0.998831   -0.0137681   0.957448   -0.0483322   -0.284531   
1384.23   346.295   236.634   -0.277491   0   -0.960728   0.0340249   0.999373   -0.00982757   0.960125   -0.0354158   -0.277317   
1384.35   306.495   236.141   -0.277469   0   -0.960735   0.0304948   0.999496   -0.00880715   0.960251   -0.0317411   -0.277329   
1382.21   264.217   235.41   -0.276897   0   -0.9609   0.0340776   0.999371   -0.00981995   0.960295   -0.0354642   -0.276723   
1379.8   223.614   234.362   -0.274394   0   -0.961617   0.0269634   0.999607   -0.00769389   0.961239   -0.0280396   -0.274286   
1379.63   187.677   236.668   -0.269041   0   -0.963129   0.0423164   0.999034   -0.0118207   0.962199   -0.0439364   -0.268781   
1376.74   146.081   230.798   -0.261941   0   -0.965084   0.030236   0.999509   -0.00820659   0.96461   -0.0313299   -0.261813   
1375.53   100.957   229.564   -0.26095   0   -0.965352   0.0199572   0.999786   -0.00539476   0.965146   -0.0206735   -0.260894   
1374.23   62.4127   228.367   -0.255262   0   -0.966872   0.0226656   0.999725   -0.00598389   0.966606   -0.0234421   -0.255192   
1373.47   21.2156   227.765   -0.254811   0   -0.966991   0.0124522   0.999917   -0.00328126   0.966911   -0.0128772   -0.25479   
1373.67   -11.1286   231.33   -0.255197   0   -0.966889   0.0160776   0.999862   -0.00424346   0.966755   -0.0166282   -0.255162   
1371.96   -101.529   231.012   -0.259548   0   -0.96573   0.00922443   0.999954   -0.00247914   0.965686   -0.00955176   -0.259536   
1371.19   -143.597   227.446   -0.264093   0   -0.964497   0.00922805   0.999954   -0.00252677   0.964453   -0.00956773   -0.264081   
1370.84   -180.447   229.404   -0.276345   0   -0.961059   0.00728779   0.999971   -0.00209555   0.961031   -0.00758308   -0.276337   
1371.34   -225.49   230.914   -0.286592   0   -0.958053   -0.00869868   0.999959   0.00260212   0.958013   0.00907955   -0.28658   
1372.13   -267.348   231.839   -0.293742   0   -0.955885   -0.022045   0.999734   0.00677439   0.95563   0.0230624   -0.293664   
1372.55   -305.423   231.838   -0.296161   0   -0.955138   -0.0173084   0.999836   0.00536684   0.954981   0.0181213   -0.296113   
1372.55   -347.65   227.964   -0.299   0   -0.954253   -0.0325648   0.999418   0.0102036   0.953697   0.0341259   -0.298826   
1376.88   -386.122   236.081   -0.302418   0   -0.953175   -0.0482603   0.998717   0.0153117   0.951953   0.050631   -0.30203   
1388.29   -389.217   271.475   -0.302159   0   -0.953258   -0.043549   0.998956   0.0138039   0.952262   0.0456844   -0.301843   
1387.05   -348.224   271.268   -0.298629   0   -0.954369   -0.0343266   0.999353   0.010741   0.953752   0.0359679   -0.298435   
1384.75   -307.151   270.953   -0.294734   0   -0.955579   -0.0245793   0.999669   0.00758114   0.955263   0.0257219   -0.294637   
1385.65   -268.563   274.803   -0.291809   0   -0.956477   -0.0267913   0.999608   0.0081737   0.956101   0.0280104   -0.291695   
1382.72   -227.721   271.02   -0.281776   0   -0.95948   -0.0182565   0.999819   0.00536149   0.959307   0.0190275   -0.281725   
1381.08   -180.709   266.774   -0.269301   0   -0.963056   0.00107064   0.999999   -0.000299386   0.963056   -0.00111172   -0.269301   
1381.69   -144.597   267.17   -0.265902   0   -0.964   0.00560073   0.999983   -0.00154486   0.963984   -0.00580989   -0.265898   
1382.94   -101.164   268.581   -0.264603   0   -0.964357   0.00772954   0.999968   -0.00212085   0.964327   -0.00801522   -0.264594   
1381.49   -57.746   266.351   -0.255123   0   -0.966908   0.00993618   0.999947   -0.00262171   0.966857   -0.0102762   -0.25511   
1383.2   -17.7948   269.431   -0.249354   0   -0.968412   0.0142307   0.999892   -0.00366422   0.968308   -0.0146949   -0.249327   
1383.43   21.6738   267.71   -0.251137   0   -0.967952   0.0159882   0.999864   -0.00414818   0.96782   -0.0165176   -0.251102   
1385.75   63.339   273.427   -0.264189   0   -0.964471   0.0284398   0.999565   -0.00779028   0.964051   -0.0294875   -0.264074   
1386.56   101.288   272.8   -0.268756   0   -0.963208   0.0228219   0.999719   -0.0063678   0.962938   -0.0236936   -0.268681   
1387.75   146.069   272.651   -0.274426   0   -0.961608   0.0312723   0.999471   -0.00892454   0.9611   -0.0325208   -0.274281   
1390.44   187.039   276.549   -0.271591   0   -0.962413   0.0403773   0.99912   -0.0113944   0.961565   -0.0419542   -0.271352   
1392.39   224.767   276.763   -0.26979   0   -0.962919   0.033721   0.999387   -0.00944792   0.962329   -0.0350195   -0.269625   
1395.07   268.738   277.713   -0.275795   0   -0.961217   0.0381527   0.999212   -0.0109469   0.960459   -0.0396921   -0.275578   
1397.06   307.809   277.005   -0.284812   0   -0.958583   0.0377183   0.999226   -0.0112068   0.957841   -0.0393479   -0.284592   
1399.35   347.498   280.037   -0.297314   0   -0.95478   0.0403735   0.999106   -0.0125721   0.953926   -0.0422856   -0.297048   
1402.36   391.11   282.436   -0.306642   0   -0.951825   0.0548304   0.998339   -0.0176643   0.950244   -0.0576055   -0.306133   
1403.91   430.942   283.879   -0.311521   0   -0.950239   0.0650425   0.997655   -0.0213232   0.94801   -0.0684485   -0.310791   
1420.14   432.038   328.417   -0.317287   0   -0.94833   0.0709518   0.997197   -0.0237387   0.945672   -0.0748176   -0.316398   
1416.14   392.008   325.998   -0.308027   0   -0.951378   0.0669508   0.997521   -0.0216766   0.949019   -0.0703724   -0.307263   
1412.2   349.852   323.781   -0.29959   0   -0.954068   0.0527601   0.99847   -0.0165674   0.952608   -0.0553001   -0.299132   
1408.6   306.602   320.693   -0.287256   0   -0.957854   0.0519521   0.998528   -0.0155802   0.956444   -0.054238   -0.286833   
1405.63   266.472   314.27   -0.270436   0   -0.962738   0.0471659   0.998799   -0.013249   0.961582   -0.0489914   -0.270111   
1402.06   225.259   311.252   -0.261955   0   -0.96508   0.0372096   0.999256   -0.0100999   0.964363   -0.038556   -0.26176   
1400.33   181.773   310.582   -0.264679   0   -0.964337   0.0348808   0.999346   -0.00957364   0.963706   -0.0361708   -0.264506   
1399.88   146.187   314.144   -0.263854   0   -0.964563   0.033138   0.99941   -0.00906483   0.963993   -0.0343555   -0.263698   
1397.97   104.724   313.447   -0.264429   0   -0.964405   0.0217663   0.999745   -0.00596808   0.964159   -0.0225697   -0.264362   
1397.56   65.2483   312.721   -0.258881   0   -0.965909   0.0387877   0.999193   -0.0103958   0.96513   -0.0401567   -0.258673   
1392.99   22.2204   306.573   -0.255458   0   -0.96682   0.0198486   0.999789   -0.0052445   0.966616   -0.0205298   -0.255404   
1393.15   -18.1366   306.651   -0.258322   0   -0.966059   0.013612   0.999901   -0.0036398   0.965963   -0.0140902   -0.258296   
1394.22   -63.1616   309.998   -0.258085   0   -0.966122   0.00382793   0.999992   -0.00102257   0.966115   -0.00396216   -0.258083   
1394.4   -102.503   310.6   -0.26361   0   -0.964629   0.00251675   0.999997   -0.000687767   0.964626   -0.00260903   -0.263609   
1392.81   -141.63   307.505   -0.270459   0   -0.962732   0.00221522   0.999997   -0.000622319   0.962729   -0.00230098   -0.270458   
1392.47   -182.715   308.37   -0.277393   0   -0.960757   -0.00739539   0.99997   0.00213522   0.960728   0.00769746   -0.277385   
1394.64   -225.881   309.479   -0.285324   0   -0.958431   -0.027181   0.999598   0.00809175   0.958046   0.0283599   -0.285209   
1396.09   -268.378   312.544   -0.283623   0   -0.958936   -0.0248424   0.999664   0.0073476   0.958614   0.0259062   -0.283528   
1397.08   -304.348   312.163   -0.283864   0   -0.958865   -0.0288099   0.999549   0.00852895   0.958432   0.0300459   -0.283736   
1400.49   -350.814   314.786   -0.290631   0   -0.956835   -0.0456478   0.998861   0.0138652   0.955746   0.0477071   -0.2903   
1401.85   -392.243   311.927   -0.295227   0   -0.955427   -0.0571437   0.99821   0.0176574   0.953717   0.0598096   -0.294698   
1414.23   -394.983   351.828   -0.290472   0   -0.956883   -0.069286   0.997375   0.0210325   0.954372   0.072408   -0.28971   
1411.15   -352.759   351.669   -0.288475   0   -0.957487   -0.0539515   0.998411   0.0162547   0.955966   0.0563469   -0.288017   
1408.35   -305.266   351.071   -0.281498   0   -0.959562   -0.0321462   0.999439   0.00943046   0.959023   0.0335009   -0.28134   
1407.36   -268.094   350.946   -0.27865   0   -0.960393   -0.0224432   0.999727   0.00651171   0.96013   0.0233688   -0.278574   
1407.77   -230.502   353.412   -0.280121   0   -0.959965   -0.0294562   0.999529   0.00859541   0.959513   0.0306846   -0.279989   
1405.75   -185.739   351.825   -0.277991   0   -0.960584   -0.0207923   0.999766   0.00601723   0.960359   0.0216454   -0.277926   
1405.3   -142.802   352.624   -0.270453   0   -0.962733   -0.00211391   0.999998   0.000593844   0.962731   0.00219574   -0.270453   
1404.4   -103.695   347.674   -0.267685   0   -0.963506   -0.00214403   0.999998   0.000595664   0.963504   0.00222524   -0.267685   
1403.61   -63.8357   348.688   -0.26924   0   -0.963073   0.00176897   0.999998   -0.000494539   0.963071   -0.00183679   -0.26924   
1405.77   -17.6294   352.488   -0.270968   0   -0.962588   0.0172676   0.999839   -0.00486082   0.962433   -0.0179387   -0.270925   
1408.13   21.8242   357.887   -0.275643   0   -0.96126   0.0190973   0.999803   -0.00547619   0.96107   -0.019867   -0.275588   
1408.04   68.7671   353.883   -0.272584   0   -0.962132   0.0379775   0.999221   -0.0107595   0.961382   -0.0394723   -0.272372   
1409.86   101.615   354.441   -0.272753   0   -0.962084   0.0266408   0.999617   -0.00755271   0.961715   -0.0276907   -0.272648   
1410.57   146.052   355.04   -0.272961   0   -0.962025   0.0335994   0.99939   -0.00953334   0.961438   -0.0349257   -0.272794   
1413.56   189.873   356.287   -0.276112   0   -0.961125   0.037339   0.999245   -0.0107267   0.9604   -0.0388492   -0.275904   
1414.81   226.199   357.479   -0.279738   0   -0.960076   0.0427747   0.999007   -0.0124633   0.959123   -0.0445534   -0.279461   
1417.36   268.143   359.637   -0.287996   0   -0.957631   0.0562305   0.998275   -0.0169107   0.955979   -0.0587183   -0.2875   
1422.11   313.567   362.325   -0.298374   0   -0.954449   0.0673104   0.99751   -0.0210421   0.952073   -0.0705227   -0.297631   
1424.64   351.422   362.96   -0.307624   0   -0.951508   0.0610158   0.997942   -0.0197265   0.94955   -0.0641253   -0.306991   
1428.59   393.001   362.518   -0.313289   0   -0.949658   0.0723317   0.997095   -0.023862   0.946899   -0.0761661   -0.312379   
1431.92   434.678   364.707   -0.321483   0   -0.946915   0.0786049   0.996549   -0.0266868   0.943647   -0.0830115   -0.320373   
1454.86   467.016   415.858   -0.358143   0   -0.933667   0.0884567   0.995502   -0.0339308   0.929467   -0.0947412   -0.356532   
1450.99   434.802   414.18   -0.352041   0   -0.935985   0.0845308   0.995914   -0.0317936   0.93216   -0.0903122   -0.350602   
1445.1   394.719   412.376   -0.3461   0   -0.938198   0.0805251   0.99631   -0.0297057   0.934735   -0.0858296   -0.344823   
1440.86   354.671   410.251   -0.330232   0   -0.9439   0.0768046   0.996684   -0.0268708   0.94077   -0.0813694   -0.329137   
1436.4   314.998   407.815   -0.309447   0   -0.950917   0.0787231   0.996567   -0.0256181   0.947652   -0.0827865   -0.308385   
1432.4   270.106   405.229   -0.299307   0   -0.954157   0.0664002   0.997576   -0.0208289   0.951844   -0.0695905   -0.298582   
1426.52   226.767   398.739   -0.289204   0   -0.957267   0.0464819   0.99882   -0.0140429   0.956138   -0.0485569   -0.288863   
1426.09   186.039   398.105   -0.288481   0   -0.957486   0.0385833   0.999188   -0.0116247   0.956708   -0.0402964   -0.288246   
1423.1   142.173   396.809   -0.285082   0   -0.958503   0.0346539   0.999346   -0.0103069   0.957877   -0.0361542   -0.284895   
1421.56   104.858   395.438   -0.280548   0   -0.95984   0.024493   0.999674   -0.00715895   0.959528   -0.0255178   -0.280456   
1420.99   63.3023   396.2   -0.287316   0   -0.957836   0.0313516   0.999464   -0.00940436   0.957323   -0.0327317   -0.287162   
1419.25   26.2478   396.678   -0.292156   0   -0.956371   0.0224618   0.999724   -0.00686171   0.956107   -0.0234865   -0.292075   
1418.58   -17.9181   399.33   -0.294592   0   -0.955623   0.0170017   0.999842   -0.00524113   0.955472   -0.0177912   -0.294545   
1417.66   -59.1766   395.699   -0.292651   0   -0.956219   0.00646405   0.999977   -0.00197832   0.956197   -0.00676   -0.292644   
1417.1   -99.1957   393.945   -0.28641   0   -0.958107   0.00194684   0.999998   -0.000581975   0.958105   -0.00203196   -0.286409   
1416.61   -142.803   391.061   -0.280646   0   -0.959811   -0.00113248   0.999999   0.000331134   0.959811   0.0011799   -0.280646   
1417.24   -186.555   393.416   -0.277218   0   -0.960807   -0.0235064   0.999701   0.0067822   0.96052   0.0244653   -0.277135   
1417.73   -227.634   388.819   -0.2685   0   -0.96328   -0.0274753   0.999593   0.00765833   0.962888   0.0285227   -0.26839   
1418.64   -267.875   388.352   -0.268623   0   -0.963245   -0.0265603   0.99962   0.00740695   0.962879   0.0275738   -0.268521   
1420.65   -310.726   388.903   -0.27387   0   -0.961767   -0.0387386   0.999188   0.0110311   0.960986   0.0402786   -0.273648   
1423.29   -358.744   389.592   -0.280162   0   -0.959953   -0.0630775   0.997839   0.0184092   0.957878   0.065709   -0.279557   
1425.6   -397.648   390.404   -0.286665   0   -0.958031   -0.0810493   0.996415   0.0242518   0.954596   0.0845999   -0.285637   
1437.67   -396.911   429.094   -0.282924   0   -0.959142   -0.0766287   0.996803   0.0226036   0.956077   0.079893   -0.282019   
1434.73   -354.863   430.666   -0.288405   0   -0.957509   -0.0619139   0.997907   0.0186487   0.955505   0.0646614   -0.287801   
1431.98   -311.955   429.947   -0.282298   0   -0.959327   -0.0433887   0.998977   0.0127678   0.958345   0.0452282   -0.282009   
1430.39   -265.995   429.498   -0.27729   0   -0.960786   -0.0289951   0.999545   0.0083682   0.960349   0.0301785   -0.277164   
1428.86   -225.023   428.875   -0.277495   0   -0.960727   -0.0197552   0.999789   0.00570607   0.960524   0.0205628   -0.277436   
1429.5   -185.147   431.924   -0.284509   0   -0.958673   -0.0158066   0.999864   0.00469099   0.958543   0.016488   -0.284471   
1429.18   -143.133   432.679   -0.285791   0   -0.958292   -0.0016472   0.999999   0.000491245   0.95829   0.00171889   -0.285791   
1429.5   -102.784   433.427   -0.286994   0   -0.957932   0.00445441   0.999989   -0.00133453   0.957922   -0.00465002   -0.286991   
1429.82   -61.7005   434.152   -0.28805   0   -0.957615   0.00973132   0.999948   -0.00292717   0.957566   -0.010162   -0.288035   
1430.97   -18.2297   434.812   -0.288516   0   -0.957475   0.0163235   0.999855   -0.00491876   0.957336   -0.0170485   -0.288474   
1431.65   20.5483   437.494   -0.284838   0   -0.958576   0.0150188   0.999877   -0.00446278   0.958458   -0.0156678   -0.284803   
1432.59   62.3554   434.875   -0.283658   0   -0.958926   0.0278858   0.999577   -0.00824884   0.95852   -0.0290803   -0.283538   
1434.25   101.789   437.785   -0.290126   0   -0.956988   0.0295028   0.999525   -0.00894424   0.956534   -0.0308288   -0.289988   
1436.63   142.271   441.339   -0.291031   0   -0.956714   0.03618   0.999285   -0.0110059   0.956029   -0.037817   -0.290823   
1438.54   186.91   442.23   -0.292599   0   -0.956235   0.0439303   0.998944   -0.0134422   0.955226   -0.0459409   -0.29229   
1440.29   228.203   441.209   -0.301414   0   -0.953494   0.0541025   0.998389   -0.0171026   0.951957   -0.0567414   -0.300928   
1443.82   269.123   441.869   -0.305342   0   -0.952243   0.0694626   0.997336   -0.0222735   0.949706   -0.0729463   -0.304528   
1448.38   318.04   442.856   -0.307458   0   -0.951562   0.0902829   0.995489   -0.0291712   0.947269   -0.0948786   -0.306071   
1455.53   360.525   446.598   -0.323492   0   -0.946231   0.105338   0.993784   -0.0360123   0.940349   -0.111323   -0.321481   
1460.23   394.957   452.384   -0.349373   0   -0.936984   0.0933368   0.995026   -0.0348025   0.932323   -0.0996141   -0.347636   
1465.8   439.097   458.009   -0.354136   0   -0.935194   0.0872303   0.99564   -0.0330321   0.931117   -0.0932751   -0.352592   
1470.72   472.501   455.182   -0.356931   0   -0.934131   0.0903039   0.995316   -0.0345051   0.929756   -0.0966716   -0.355259   
1484.39   476.154   493.285   -0.349348   0   -0.936993   0.0807312   0.996281   -0.0300998   0.933509   -0.0861599   -0.348049   
1481.18   434.326   496.351   -0.348395   0   -0.937348   0.0839785   0.995979   -0.0312132   0.933578   -0.0895916   -0.346994   
1477.02   401.519   491.058   -0.345737   0   -0.938331   0.113691   0.992633   -0.0418906   0.931418   -0.121163   -0.34319   
1470.13   366.923   490.327   -0.326782   0   -0.9451   0.136518   0.989512   -0.0472031   0.935188   -0.144448   -0.323355   
1462.45   317.187   486.406   -0.319337   0   -0.947641   0.086831   0.995793   -0.0292604   0.943655   -0.0916285   -0.317993   
1459.47   270.532   488.746   -0.322807   0   -0.946465   0.0697464   0.997281   -0.0237881   0.943892   -0.0736915   -0.321929   
1455.75   229.187   487.584   -0.319706   0   -0.947517   0.0593918   0.998034   -0.0200397   0.945654   -0.0626816   -0.319077   
1452.18   188.296   485.117   -0.310099   0   -0.950704   0.0512286   0.998547   -0.0167097   0.949323   -0.0538849   -0.309649   
1448.67   146.157   480.321   -0.302689   0   -0.953089   0.0368735   0.999251   -0.0117106   0.952376   -0.0386884   -0.302462   
1448.11   102.447   482.179   -0.300848   0   -0.953672   0.0335961   0.999379   -0.0105983   0.95308   -0.0352281   -0.300662   
1444.89   63.564   476.646   -0.295628   0   -0.955303   0.0346212   0.999343   -0.0107139   0.954675   -0.036241   -0.295434   
1443.07   21.2094   475.36   -0.291765   0   -0.95649   0.0191043   0.999801   -0.00582752   0.956299   -0.0199733   -0.291707   
1443.48   -18.5387   478.89   -0.29232   0   -0.956321   0.0160444   0.999859   -0.00490432   0.956186   -0.0167773   -0.292278   
1443.14   -58.9226   478.053   -0.290642   0   -0.956832   0.0097838   0.999948   -0.00297187   0.956782   -0.0102252   -0.290626   
1441.16   -102.751   473.252   -0.285297   0   -0.958439   0.00570582   0.999982   -0.00169844   0.958422   -0.00595324   -0.285292   
1441.17   -143.058   475.607   -0.283849   0   -0.958869   -5.09171e-005   1   1.50727e-005   0.958869   5.31012e-005   -0.283849   
1441.63   -184.354   474.585   -0.28118   0   -0.959655   -0.0108054   0.999937   0.00316598   0.959594   0.0112596   -0.281162   
1441.41   -226.122   474.399   -0.282875   0   -0.959157   -0.0236982   0.999695   0.0069891   0.958864   0.0247074   -0.282789   
1442.97   -271.729   470.688   -0.286561   0   -0.958062   -0.0366428   0.999268   0.0109601   0.957361   0.0382468   -0.286352   
1444.69   -313.939   471.92   -0.295304   0   -0.955403   -0.0516554   0.998537   0.0159661   0.954006   0.0540666   -0.294872   
1447.51   -354.052   470.606   -0.295978   0   -0.955195   -0.0569715   0.99822   0.0176533   0.953494   0.0596439   -0.295451   
1452.03   -394.906   477.001   -0.293233   0   -0.956041   -0.0656054   0.997643   0.0201223   0.953787   0.068622   -0.292542   
1467.89   -419.997   523.099   -0.306095   0   -0.952001   -0.0722227   0.997118   0.0232216   0.949257   0.0758641   -0.305213   
1463.63   -395.155   516.913   -0.308132   0   -0.951344   -0.0596269   0.998034   0.0193126   0.949473   0.0626765   -0.307526   
1460.34   -357.859   514.599   -0.314195   0   -0.949359   -0.0550459   0.998318   0.0182177   0.947761   0.0579822   -0.313666   
1459.51   -318.98   518.571   -0.312116   0   -0.950044   -0.0556881   0.998281   0.0182951   0.948411   0.0586163   -0.311579   
1456.52   -268.906   518.02   -0.306437   0   -0.951891   -0.0403539   0.999101   0.0129909   0.951035   0.0423934   -0.306161   
1455.48   -226.457   518.063   -0.304079   0   -0.952647   -0.0242026   0.999677   0.00772531   0.952339   0.0254056   -0.303981   
1454.84   -185.076   519.126   -0.306984   0   -0.951715   -0.0084006   0.999961   0.00270969   0.951678   0.0088268   -0.306972   
1454.92   -147.168   520.088   -0.309464   0   -0.950911   -2.17786e-005   1   7.08763e-006   0.950911   2.29029e-005   -0.309464   
1455.28   -103.302   520.135   -0.306884   0   -0.951747   0.00415818   0.99999   -0.00134078   0.951738   -0.004369   -0.306881   
1456.56   -61.762   520.237   -0.304741   0   -0.952435   0.0157845   0.999863   -0.00505042   0.952304   -0.0165728   -0.304699   
1459.13   -18.3328   521.987   -0.310443   0   -0.950592   0.0176787   0.999827   -0.0057735   0.950427   -0.0185976   -0.31039   
1458.53   25.4965   521.484   -0.312394   0   -0.949953   0.0217154   0.999739   -0.00714114   0.949705   -0.0228594   -0.312312   
1461.43   62.5971   526.84   -0.310402   0   -0.950605   0.0309373   0.99947   -0.010102   0.950102   -0.0325448   -0.310238   
1460.91   103.589   522.395   -0.312611   0   -0.949881   0.0398123   0.999121   -0.0131024   0.949047   -0.041913   -0.312336   
1464.39   147.941   527.6   -0.328047   0   -0.944662   0.045933   0.998817   -0.0159509   0.943544   -0.0486238   -0.327659   
1467.59   194.279   530.065   -0.337644   0   -0.941274   0.0613523   0.997874   -0.0220076   0.939272   -0.06518   -0.336926   
1471.95   230.038   533.418   -0.339655   0   -0.94055   0.0638162   0.997696   -0.0230456   0.938382   -0.0678499   -0.338873   
1474.04   270.854   532.426   -0.344162   0   -0.93891   0.0715954   0.997088   -0.0262436   0.936177   -0.0762537   -0.34316   
1478.89   316.742   534.389   -0.347624   0   -0.937634   0.08474   0.995908   -0.031417   0.933797   -0.0903764   -0.346201   
1483.18   367.008   529.889   -0.346273   0   -0.938134   0.13673   0.989322   -0.0504683   0.928116   -0.145747   -0.342575   
1489.13   402.048   530.232   -0.344732   0   -0.938701   0.117214   0.992173   -0.0430461   0.931354   -0.124868   -0.342034   
1495.62   436.275   537.15   -0.355526   0   -0.934666   0.0936676   0.994966   -0.0356291   0.929961   -0.100215   -0.353737   
1501.24   476.639   539.332   -0.363513   0   -0.931589   0.0988825   0.994351   -0.0385847   0.926326   -0.106144   -0.36146   
1517.69   481.203   578.077   -0.359445   0   -0.933166   0.102634   0.993933   -0.0395335   0.927505   -0.109985   -0.357265   
1511.28   437.128   575.125   -0.355636   0   -0.934624   0.0981909   0.994466   -0.0373629   0.929452   -0.105059   -0.353668   
1508.67   402.549   574.414   -0.354768   0   -0.934954   0.119543   0.991792   -0.0453607   0.92728   -0.12786   -0.351856   
1500.25   366.074   573.434   -0.347716   0   -0.9376   0.132966   0.989893   -0.0493114   0.928124   -0.141815   -0.344201   
1494.47   318.097   572.813   -0.345886   0   -0.938277   0.0917453   0.995208   -0.0338209   0.93378   -0.0977806   -0.344228   
1489.5   275.982   571.354   -0.336801   0   -0.941576   0.0782037   0.996545   -0.0279734   0.938323   -0.0830562   -0.335638   
1485.14   230.464   568.578   -0.33021   0   -0.943907   0.0667371   0.997497   -0.0233469   0.941545   -0.070703   -0.329384   
1480.9   190.232   567.525   -0.327863   0   -0.944725   0.0617081   0.997864   -0.0214155   0.942708   -0.0653186   -0.327162   
1479.14   150.322   566.151   -0.323608   0   -0.946191   0.0579813   0.998121   -0.0198302   0.944413   -0.0612786   -0.322999   
1475.04   109.334   564.725   -0.319315   0   -0.947649   0.0493602   0.998643   -0.0166322   0.946362   -0.052087   -0.318882   
1472.06   63.3327   563.469   -0.315928   0   -0.948783   0.0353406   0.999306   -0.0117678   0.948125   -0.0372484   -0.315709   
1471.99   22.1924   565.119   -0.306958   0   -0.951723   0.0257574   0.999634   -0.00830749   0.951375   -0.027064   -0.306845   
1468.29   -21.0811   558.289   -0.295496   0   -0.955344   0.0245202   0.999671   -0.00758433   0.955029   -0.0256664   -0.295399   
1467.75   -63.0782   557.527   -0.294154   0   -0.955758   0.0105818   0.999939   -0.00325676   0.955699   -0.0110716   -0.294136   
1468.16   -104.42   558.496   -0.301497   0   -0.953467   -0.000278574   1   8.80885e-005   0.953467   0.00029217   -0.301497   
1467.42   -143.304   558.051   -0.301883   0   -0.953345   0.0006878   1   -0.000217797   0.953345   -0.00072146   -0.301883   
1468.51   -183.603   557.104   -0.299476   0   -0.954104   -0.00531294   0.999984   0.00166763   0.954089   0.00556851   -0.299471   
1469.88   -227.205   560.795   -0.300845   0   -0.953673   -0.0268202   0.999604   0.00846068   0.953296   0.0281231   -0.300726   
1470.62   -274.074   557.314   -0.305928   0   -0.952055   -0.0455672   0.998854   0.0146423   0.950963   0.0478619   -0.305578   
1471.97   -316.31   556.734   -0.305639   0   -0.952147   -0.0607694   0.997961   0.019507   0.950206   0.0638235   -0.305016   
1475.24   -357.511   555.78   -0.302966   0   -0.953001   -0.0527382   0.998468   0.0167658   0.951541   0.055339   -0.302502   
1476.63   -395.4   555.124   -0.301895   0   -0.953341   -0.047295   0.998769   0.0149769   0.952167   0.0496097   -0.301523   
1477.18   -422.206   547.427   -0.304262   0   -0.952588   -0.0637531   0.997758   0.0203631   0.950453   0.0669262   -0.30358   
1490.14   -427.397   592.608   -0.294204   0   -0.955743   -0.0687881   0.997407   0.0211748   0.953264   0.0719734   -0.293441   
1488.22   -392.042   593.203   -0.295026   0   -0.955489   -0.048999   0.998684   0.0151294   0.954232   0.0512816   -0.294638   
1486.05   -353.48   593.224   -0.292963   0   -0.956124   -0.051243   0.998563   0.0157012   0.95475   0.0535945   -0.292542   
1484.69   -315.883   594.83   -0.29886   0   -0.954297   -0.05798   0.998153   0.0181578   0.952534   0.0607568   -0.298308   
1481.69   -274.594   593.708   -0.300219   0   -0.95387   -0.0471648   0.998777   0.0148445   0.952704   0.0494457   -0.299852   
1480.73   -232.122   597.444   -0.302072   0   -0.953285   -0.0306458   0.999483   0.00971086   0.952792   0.0321475   -0.301916   
1479.71   -184.189   596.638   -0.300247   0   -0.953861   -0.00699905   0.999973   0.00220309   0.953836   0.00733759   -0.300239   
1479.96   -138.746   597.531   -0.301943   0   -0.953326   0.00475032   0.999988   -0.00150455   0.953314   -0.00498289   -0.301939   
1482.13   -103.424   602.776   -0.307842   0   -0.951438   0.0055176   0.999983   -0.00178524   0.951422   -0.00579922   -0.307837   
1481.78   -59.3681   601.766   -0.315613   0   -0.948888   0.0105404   0.999938   -0.00350588   0.948829   -0.0111082   -0.315594   
1482.88   -15.7089   602.349   -0.318455   0   -0.947938   0.0321744   0.999424   -0.0108088   0.947392   -0.0339415   -0.318271   
1485.25   23.1038   603.801   -0.322924   0   -0.946425   0.0306936   0.999474   -0.0104728   0.945927   -0.0324311   -0.322754   
1488.26   64.3526   604.582   -0.324061   0   -0.946036   0.0406957   0.999074   -0.0139402   0.94516   -0.0430171   -0.323761   
1490.71   104.644   610.153   -0.324597   0   -0.945852   0.0465049   0.998791   -0.0159595   0.944708   -0.0491672   -0.324205   
1491.46   150.157   606.485   -0.328261   0   -0.944587   0.0581064   0.998106   -0.020193   0.942798   -0.0615151   -0.327639   
1496.68   191.948   612.852   -0.337785   0   -0.941223   0.0704817   0.997192   -0.0252944   0.938581   -0.0748831   -0.336836   
1499.57   232.547   611.962   -0.35035   0   -0.936619   0.0768861   0.996625   -0.0287599   0.933458   -0.082089   -0.349168   
1507.38   276.882   616.339   -0.368867   0   -0.929482   0.0819719   0.996104   -0.0325307   0.92586   -0.0881909   -0.36743   
1511.58   318.802   618.957   -0.379586   0   -0.925157   0.0944652   0.994773   -0.0387585   0.920321   -0.102107   -0.377602   
1518.04   369.689   619.45   -0.374917   0   -0.927058   0.130792   0.989998   -0.0528942   0.917786   -0.141082   -0.371167   
1524.11   401.416   616.251   -0.35992   0   -0.932983   0.114746   0.992408   -0.044266   0.9259   -0.122988   -0.357187   
1526.71   442.234   615.734   -0.353603   0   -0.935396   0.104607   0.993727   -0.039544   0.929528   -0.111832   -0.351385   
1533.06   483.082   618.727   -0.357473   0   -0.933923   0.112238   0.992752   -0.0429609   0.927155   -0.120179   -0.354882   
1536.44   513.333   619.333   -0.361128   0   -0.932516   0.107025   0.993392   -0.0414468   0.926354   -0.11477   -0.358742   
1556.79   526.542   661.018   -0.377484   0   -0.926016   0.131543   0.989859   -0.0536225   0.916626   -0.142052   -0.373656   
1548.87   478.689   662.122   -0.37328   0   -0.927719   0.110008   0.992945   -0.0442631   0.921173   -0.118579   -0.370647   
1542.1   438.671   659.09   -0.373608   0   -0.927587   0.106138   0.993432   -0.0427496   0.921494   -0.114424   -0.371154   
1538.25   397.481   658.513   -0.373294   0   -0.927713   0.0966782   0.994555   -0.0389015   0.922662   -0.104211   -0.371262   
1537.69   360.734   664.466   -0.395763   0   -0.918352   0.106758   0.99322   -0.0460075   0.912126   -0.11625   -0.39308   
1530.06   320.768   660.758   -0.391348   0   -0.920243   0.103457   0.99366   -0.0439968   0.914409   -0.112424   -0.388867   
1524.13   276.886   659.249   -0.367243   0   -0.930125   0.100974   0.99409   -0.039868   0.924628   -0.10856   -0.365073   
1517.04   235.174   655.314   -0.350766   0   -0.936463   0.0988654   0.994412   -0.0370315   0.93123   -0.105573   -0.348806   
1512.75   194.946   652.291   -0.338035   0   -0.941134   0.085185   0.995895   -0.0305966   0.937271   -0.0905131   -0.336647   
1507.06   152.134   649.575   -0.3269   0   -0.945059   0.0683401   0.997382   -0.0236391   0.942585   -0.072313   -0.326044   
1501.31   107.786   643.972   -0.32143   0   -0.946933   0.0535757   0.998398   -0.0181859   0.945416   -0.0565781   -0.320915   
1498.32   64.5656   642.132   -0.314995   0   -0.949093   0.0429905   0.998974   -0.0142681   0.948119   -0.0452964   -0.314671   
1498.34   22.7318   642.879   -0.312611   0   -0.949881   0.0299618   0.999502   -0.00986059   0.949409   -0.0315427   -0.312455   
1497.52   -20.4238   644.525   -0.312581   0   -0.949891   0.0293231   0.999523   -0.00964938   0.949438   -0.03087   -0.312432   
1496.07   -57.8352   642.34   -0.312101   0   -0.950049   0.0186901   0.999806   -0.0061399   0.949865   -0.0196728   -0.312041   
1494.64   -102.386   643.117   -0.310777   0   -0.950483   0.0114453   0.999927   -0.00374223   0.950414   -0.0120415   -0.310755   
1494.38   -143.218   642.89   -0.312179   0   -0.950023   0.00310709   0.999995   -0.00102099   0.950018   -0.00327054   -0.312177   
1493.12   -189.164   638.746   -0.313966   0   -0.949434   -0.011081   0.999932   0.00366437   0.949369   0.0116712   -0.313945   
1494.56   -227.348   638.149   -0.313124   0   -0.949712   -0.0255805   0.999637   0.00843399   0.949368   0.026935   -0.31301   
1494.8   -273.163   635.774   -0.304046   0   -0.952657   -0.0392615   0.99915   0.0125305   0.951848   0.0412126   -0.303788   
1496.64   -315.053   634.451   -0.299855   0   -0.953985   -0.0529772   0.998457   0.0166517   0.952513   0.0555325   -0.299392   
1499.08   -354.061   638.216   -0.301327   0   -0.953521   -0.0526832   0.998472   0.0166487   0.952064   0.0552512   -0.300867   
1501.4   -394.076   635.085   -0.307555   0   -0.95153   -0.0574931   0.998173   0.018583   0.949792   0.0604218   -0.306994   
1509.12   -438.917   648.788   -0.321877   0   -0.946781   -0.0845396   0.996006   0.0287409   0.943   0.0892916   -0.320591   
1520.49   -441.102   676.984   -0.322822   0   -0.94646   -0.0944023   0.995013   0.0321991   0.94174   0.0997425   -0.321212   
1517.2   -397.212   680.843   -0.319738   0   -0.947506   -0.0711626   0.997176   0.024014   0.94483   0.0751051   -0.318835   
1513.77   -355.22   679.921   -0.31922   0   -0.947681   -0.0570673   0.998185   0.0192227   0.945961   0.0602178   -0.318641   
1510   -314.691   678.122   -0.321177   0   -0.947019   -0.0498661   0.998613   0.0169118   0.945705   0.0526558   -0.320731   
1510.61   -266.768   684.317   -0.329514   0   -0.944151   -0.026163   0.999616   0.00913102   0.943788   0.0277106   -0.329387   
1510.98   -225.767   687.103   -0.340912   0   -0.940095   -0.0169281   0.999838   0.00613872   0.939943   0.0180068   -0.340857   
1511.33   -185.83   689.504   -0.350454   0   -0.93658   -0.0127653   0.999907   0.00477659   0.936493   0.0136297   -0.350421   
1510.3   -140.063   689.409   -0.347299   0   -0.937755   0.000384068   1   -0.00014224   0.937754   -0.000409561   -0.347299   
1510.67   -103.495   688.961   -0.342716   0   -0.939439   0.00692027   0.999973   -0.00252457   0.939414   -0.00736638   -0.342706   
1509.74   -63.4608   687.26   -0.331746   0   -0.943369   0.0115173   0.999925   -0.0040502   0.943298   -0.0122087   -0.331722   
1510.04   -18.1987   685.818   -0.321711   0   -0.946838   0.0222816   0.999723   -0.00757072   0.946576   -0.0235327   -0.321622   
1511.55   24.081   685.145   -0.315759   0   -0.94884   0.0373709   0.999224   -0.0124365   0.948103   -0.0393859   -0.315514   
1514.17   65.0026   685.456   -0.314567   0   -0.949235   0.0459065   0.99883   -0.0152129   0.948125   -0.0483615   -0.314199   
1516.12   106.824   685.672   -0.324502   0   -0.945885   0.0585133   0.998085   -0.020074   0.944074   -0.0618609   -0.32388   
1521.49   154.653   692.644   -0.345519   0   -0.938412   0.0805879   0.996306   -0.0296721   0.934945   -0.085877   -0.344243   
1528.94   197.409   697.276   -0.366125   0   -0.930566   0.0964991   0.994609   -0.037967   0.925549   -0.103699   -0.364151   
1533.07   238.76   696.966   -0.367826   0   -0.929895   0.106584   0.993409   -0.0421599   0.923766   -0.114619   -0.365401   
1537.48   279.851   695.667   -0.372467   0   -0.928045   0.115212   0.992264   -0.0462401   0.920866   -0.124145   -0.369586   
1546.25   323.071   701.094   -0.37619   0   -0.926542   0.11551   0.992198   -0.046899   0.919314   -0.124668   -0.373256   
1550.48   357.909   701.761   -0.375934   0   -0.926647   0.103335   0.993763   -0.0419223   0.920867   -0.111515   -0.373589   
1554.62   397.064   702.376   -0.375425   0   -0.926853   0.0954366   0.994685   -0.0386569   0.921926   -0.102968   -0.373429   
1562.58   440.407   705.416   -0.388218   0   -0.921568   0.11393   0.992329   -0.0479937   0.914498   -0.123626   -0.38524   
1570.45   483.551   707.853   -0.396736   0   -0.917933   0.113534   0.992322   -0.0490699   0.910885   -0.123684   -0.39369   
1574.85   523.659   704.092   -0.394569   0   -0.918866   0.117752   0.991755   -0.0505637   0.91129   -0.128149   -0.391315   
1594.64   524.176   750.919   -0.411604   0   -0.911363   0.119713   0.991335   -0.0540666   0.903466   -0.131356   -0.408037   
1588.65   484.214   751.289   -0.407115   0   -0.913377   0.116552   0.991825   -0.0519501   0.90591   -0.127606   -0.403787   
1580.84   440.644   749.066   -0.409104   0   -0.912488   0.114422   0.992107   -0.0513   0.905285   -0.125396   -0.405875   
1575.52   400.624   749.433   -0.412814   0   -0.910815   0.0926038   0.994818   -0.0419714   0.906095   -0.101671   -0.410675   
1571.78   356.848   748.173   -0.41016   0   -0.912013   0.0986769   0.994129   -0.044378   0.906659   -0.108197   -0.407752   
1565.85   322.721   746.648   -0.406413   0   -0.91369   0.112774   0.992354   -0.0501623   0.906703   -0.123427   -0.403305   
1560.93   283.835   746.286   -0.407894   0   -0.913029   0.114042   0.992169   -0.050948   0.905879   -0.124905   -0.4047   
1555.08   242.258   745.896   -0.408646   0   -0.912693   0.103118   0.993597   -0.0461697   0.906849   -0.112982   -0.406029   
1552.26   197.083   749.802   -0.416472   0   -0.909148   0.0932157   0.99473   -0.0427012   0.904357   -0.102531   -0.414278   
1543.95   156.231   746.555   -0.418045   0   -0.908426   0.0857133   0.995539   -0.0394441   0.904373   -0.0943537   -0.41618   
1542.64   108.988   754.726   -0.441918   0   -0.897055   0.0660359   0.997287   -0.0325314   0.894621   -0.073614   -0.440719   
1535.98   64.4402   747.577   -0.428147   0   -0.903709   0.0420546   0.998917   -0.019924   0.90273   -0.0465355   -0.427683   
1539   21.8396   756.099   -0.453627   0   -0.891192   0.0258814   0.999578   -0.0131739   0.890816   -0.0290413   -0.453435   
1534.58   -21.1577   746.463   -0.427298   0   -0.904111   0.00846289   0.999956   -0.00399971   0.904071   -0.00936046   -0.42728   
1534.21   -60.0548   746.019   -0.426446   0   -0.904513   0.00928398   0.999947   -0.00437707   0.904465   -0.0102641   -0.426424   
1534.56   -103.763   748.996   -0.425652   0   -0.904887   0.00613511   0.999977   -0.00288591   0.904866   -0.00677997   -0.425642   
1533.32   -149.177   742.387   -0.414945   0   -0.909847   -0.0051125   0.999984   0.00233161   0.909832   0.00561908   -0.414938   
1530.9   -187.755   739.38   -0.402555   0   -0.915396   -0.00346236   0.999993   0.00152261   0.915389   0.00378236   -0.402552   
1529.54   -227.74   737.216   -0.394345   0   -0.918963   -0.00691739   0.999972   0.00296839   0.918937   0.00752739   -0.394333   
1530.38   -269.688   735.544   -0.388399   0   -0.921491   -0.0203374   0.999756   0.00857202   0.921267   0.0220701   -0.388304   
1529.66   -311.073   731.598   -0.371193   0   -0.928556   -0.0313093   0.999431   0.012516   0.928028   0.0337183   -0.370982   
1530.6   -352.229   728.446   -0.354185   0   -0.935175   -0.0414766   0.999016   0.0157087   0.934255   0.0443517   -0.353836   
1529.86   -400.903   717.989   -0.324638   0   -0.945838   -0.0692317   0.997318   0.0237622   0.943301   0.0731961   -0.323767   
1533.97   -444.065   716.119   -0.310257   0   -0.950653   -0.0894468   0.995564   0.029192   0.946435   0.0940899   -0.30888   
1552.46   -435.221   773.093   -0.388395   0   -0.921493   -0.0450062   0.998807   0.0189694   0.920393   0.0488405   -0.387932   
1551.54   -388.569   777.198   -0.406198   0   -0.913785   -0.0275988   0.999544   0.0122683   0.913368   0.0302027   -0.406013   
1552.09   -348.156   781.933   -0.427478   0   -0.904026   -0.0210973   0.999728   0.00997609   0.90378   0.0233371   -0.427361   
1552.38   -306.805   785.452   -0.442657   0   -0.896691   -0.0105809   0.99993   0.00522331   0.896629   0.0117999   -0.442626   
1556.73   -262.152   790.243   -0.462074   0   -0.886842   -0.00324673   0.999993   0.00169165   0.886836   0.003661   -0.462071   
1556.71   -221.32   792.605   -0.470294   0   -0.88251   0.00464926   0.999986   -0.00247762   0.882497   -0.00526823   -0.470288   
1558.9   -181.689   794.568   -0.480085   0   -0.877222   0.00694934   0.999969   -0.00380322   0.877195   -0.00792198   -0.48007   
1561.81   -143.575   798.363   -0.496488   0   -0.868044   0.0076102   0.999962   -0.00435274   0.86801   -0.00876706   -0.496469   
1562.52   -102.331   800.436   -0.509894   0   -0.860237   0.0119826   0.999903   -0.00710253   0.860154   -0.0139294   -0.509845   
1562.67   -57.6519   800.392   -0.51842   0   -0.855126   0.0191596   0.999749   -0.0116155   0.854911   -0.0224055   -0.51829   
1576.83   -12.5745   819.109   -0.573906   0   -0.818921   0.0426989   0.99864   -0.0299237   0.817807   -0.0521404   -0.573125   
1587.45   34.7518   826.363   -0.623279   0   -0.782   0.0573761   0.997305   -0.0457306   0.779892   -0.073371   -0.621599   
1597.47   57.2824   835.438   -0.644756   0   -0.764388   0.00740435   0.999953   -0.00624552   0.764352   -0.00968663   -0.644726   
